,league_id,player_id,stint,team_id,year,g,ab,r,h,double,triple,hr,rbi,sb,cs,bb,so,ibb,hbp,sh,sf,g_idp,salary,pos,name
0,trade,fuldsa01,3.0,trade,2014,113,351.0,40.0,84.0,16.0,4.0,4.0,36.0,21.0,4.0,43.0,63.0,2.0,0.0,6.0,2.0,2.0,1750000,OF,Sam Fuld
1,trade,johnske05,3.0,trade,2014,106,265.0,29.0,57.0,14.0,2.0,7.0,27.0,2.0,2.0,29.0,71.0,0.0,2.0,0.0,1.0,3.0,1500000,3B,Kelly Johnson
2,trade,marisja01,2.0,trade,2014,65,221.0,21.0,55.0,8.0,0.0,3.0,19.0,11.0,3.0,8.0,67.0,3.0,3.0,2.0,3.0,2.0,511200,OF,Jake Marisnick
3,trade,jacksau01,2.0,trade,2014,154,597.0,71.0,153.0,30.0,6.0,4.0,47.0,20.0,6.0,47.0,144.0,0.0,2.0,1.0,9.0,15.0,7700000,OF,Austin Jackson
4,trade,youngch04,2.0,trade,2014,111,325.0,40.0,72.0,20.0,0.0,11.0,38.0,8.0,3.0,32.0,70.0,2.0,5.0,1.0,3.0,3.0,2500000,OF,Chris Young
5,trade,pachejo01,2.0,trade,2014,69,153.0,10.0,39.0,10.0,1.0,0.0,16.0,0.0,0.0,9.0,27.0,0.0,1.0,1.0,1.0,6.0,900000,C,Jordan Pacheco
6,trade,sotoge01,2.0,trade,2014,24,80.0,8.0,20.0,6.0,0.0,1.0,11.0,0.0,0.0,6.0,19.0,0.0,0.0,1.0,0.0,6.0,1500000,C,Geovany Soto
7,trade,solarya01,2.0,trade,2014,131,469.0,56.0,122.0,19.0,1.0,10.0,48.0,0.0,1.0,53.0,58.0,1.0,4.0,3.0,6.0,13.0,516400,3B,Yangervis Solarte
8,trade,parrage01,2.0,trade,2014,150,529.0,64.0,138.0,22.0,4.0,9.0,40.0,9.0,7.0,32.0,100.0,5.0,5.0,6.0,2.0,10.0,6237500,OF,Gerardo Parra
9,trade,bonifem01,2.0,trade,2014,110,394.0,47.0,102.0,17.0,4.0,3.0,24.0,26.0,8.0,26.0,85.0,2.0,0.0,6.0,0.0,2.0,3000000,OF,Emilio Bonifacio
10,trade,headlch01,2.0,trade,2014,135,470.0,55.0,114.0,20.0,1.0,13.0,49.0,7.0,3.0,51.0,122.0,1.0,9.0,0.0,1.0,17.0,13000000,3B,Chase Headley
11,trade,walteza01,2.0,trade,2014,62,127.0,16.0,23.0,3.0,0.0,10.0,17.0,0.0,0.0,9.0,48.0,0.0,1.0,0.0,0.0,0.0,509600,OF,Zach Walters
12,trade,moralke01,2.0,trade,2014,98,367.0,28.0,80.0,20.0,0.0,8.0,42.0,0.0,0.0,27.0,68.0,3.0,3.0,0.0,4.0,12.0,6500000,1B,Kendrys Morales
13,trade,deazaal01,2.0,trade,2014,142,477.0,56.0,120.0,24.0,8.0,8.0,41.0,17.0,10.0,39.0,119.0,2.0,6.0,3.0,3.0,7.0,5000000,OF,Alejandro De Aza
14,trade,maybejo02,2.0,trade,2014,78,146.0,15.0,31.0,10.0,0.0,7.0,23.0,0.0,0.0,20.0,35.0,0.0,1.0,0.0,1.0,2.0,1450000,OF,John Mayberry
15,trade,frankni01,2.0,trade,2014,28,81.0,7.0,13.0,2.0,1.0,1.0,6.0,2.0,0.0,6.0,32.0,0.0,1.0,0.0,2.0,2.0,1021800,2B,Nick Franklin
16,trade,sizemgr01,2.0,trade,2014,112,347.0,35.0,81.0,19.0,4.0,5.0,27.0,6.0,1.0,33.0,76.0,0.0,0.0,0.0,1.0,10.0,2000000,OF,Grady Sizemore
17,trade,pradoma01,2.0,trade,2014,143,536.0,62.0,151.0,26.0,4.0,12.0,58.0,3.0,1.0,26.0,80.0,0.0,7.0,0.0,4.0,20.0,11000000,3B,Martin Prado
18,trade,hundlni01,2.0,trade,2014,83,218.0,18.0,53.0,7.0,0.0,6.0,22.0,1.0,0.0,10.0,63.0,0.0,0.0,2.0,3.0,3.0,3100000,C,Nick Hundley
19,trade,denorch01,2.0,trade,2014,121,330.0,36.0,76.0,12.0,4.0,3.0,21.0,9.0,3.0,25.0,70.0,0.0,0.0,2.0,1.0,6.0,2600000,OF,Chris Denorfia
20,trade,barneda01,2.0,trade,2014,94,237.0,24.0,57.0,11.0,2.0,3.0,23.0,1.0,0.0,17.0,34.0,2.0,4.0,2.0,2.0,1.0,2525000,2B,Darwin Barney
21,trade,shuckja01,2.0,trade,2014,38,110.0,12.0,16.0,1.0,0.0,2.0,9.0,2.0,0.0,3.0,12.0,1.0,0.0,1.0,0.0,1.0,516000,OF,J. B. Shuck
22,trade,valenda01,2.0,trade,2014,86,264.0,20.0,68.0,16.0,1.0,4.0,30.0,1.0,1.0,14.0,62.0,0.0,2.0,0.0,4.0,8.0,1675000,3B,Danny Valencia
23,trade,ugglada01,2.0,trade,2014,52,141.0,14.0,21.0,3.0,0.0,2.0,10.0,0.0,0.0,11.0,46.0,0.0,4.0,0.0,1.0,3.0,507500,2B,Dan Uggla
24,trade,cabreas01,2.0,trade,2014,146,553.0,74.0,133.0,31.0,4.0,14.0,61.0,10.0,2.0,49.0,108.0,2.0,7.0,1.0,6.0,15.0,7500000,SS,Asdrubal Cabrera
25,trade,craigal01,2.0,trade,2014,126,461.0,41.0,99.0,20.0,1.0,8.0,46.0,2.0,1.0,35.0,113.0,0.0,7.0,0.0,2.0,14.0,5500000,OF,Allen Craig
26,trade,cespeyo01,2.0,trade,2014,152,600.0,89.0,156.0,36.0,6.0,22.0,100.0,7.0,2.0,35.0,128.0,3.0,3.0,0.0,7.0,13.0,10500000,OF,Yoenis Cespedes
27,trade,schafjo02,2.0,trade,2014,104,210.0,26.0,50.0,9.0,1.0,1.0,15.0,30.0,7.0,22.0,48.0,1.0,0.0,8.0,0.0,1.0,1550000,OF,Jordan Schafer
28,trade,drewst01,2.0,trade,2014,85,271.0,18.0,44.0,14.0,1.0,7.0,26.0,1.0,1.0,27.0,75.0,3.0,0.0,0.0,2.0,1.0,5000000,SS,Stephen Drew
29,trade,pierzaj01,2.0,trade,2014,102,338.0,25.0,85.0,12.0,1.0,5.0,37.0,0.0,1.0,14.0,54.0,2.0,5.0,1.0,4.0,13.0,2000000,C,A. J. Pierzynski
30,trade,paredji01,2.0,trade,2014,27,63.0,12.0,18.0,4.0,0.0,2.0,8.0,4.0,0.0,2.0,16.0,0.0,0.0,0.0,0.0,1.0,515000,3B,Jimmy Paredes
31,trade,beckhgo01,2.0,trade,2014,127,446.0,53.0,101.0,27.0,0.0,9.0,44.0,3.0,0.0,22.0,81.0,2.0,7.0,3.0,5.0,17.0,2000000,2B,Gordon Beckham
32,trade,gomesjo01,2.0,trade,2014,112,273.0,28.0,64.0,8.0,0.0,6.0,37.0,0.0,0.0,35.0,88.0,2.0,6.0,0.0,7.0,6.0,4000000,OF,Jonny Gomes
33,trade,davisik02,2.0,trade,2014,143,360.0,43.0,84.0,19.0,0.0,11.0,51.0,0.0,4.0,63.0,78.0,3.0,0.0,0.0,4.0,8.0,3800000,1B,Ike Davis
34,trade,kratzer01,2.0,trade,2014,47,110.0,12.0,24.0,4.0,0.0,5.0,13.0,0.0,0.0,4.0,22.0,1.0,0.0,0.0,1.0,4.0,532500,C,Erik Kratz
35,trade,ishiktr01,2.0,trade,2014,62,107.0,9.0,27.0,4.0,1.0,3.0,18.0,0.0,0.0,9.0,34.0,1.0,1.0,0.0,2.0,3.0,1100000,1B,Travis Ishikawa
36,NL,johnsch05,1.0,ATL,2014,153,582.0,43.0,153.0,27.0,0.0,10.0,58.0,6.0,0.0,23.0,159.0,2.0,2.0,2.0,2.0,23.0,6000000,3B,Chris Johnson
37,AL,morelmi01,1.0,TEX,2014,52,167.0,18.0,41.0,9.0,1.0,2.0,23.0,0.0,0.0,12.0,43.0,0.0,1.0,2.0,2.0,7.0,2950000,1B,Mitch Moreland
38,NL,poseybu01,1.0,SFN,2014,147,547.0,72.0,170.0,28.0,2.0,22.0,89.0,0.0,1.0,47.0,69.0,5.0,3.0,0.0,8.0,16.0,16500000,C,Buster Posey
39,AL,calhoko01,1.0,LAA,2014,127,493.0,90.0,134.0,31.0,3.0,17.0,58.0,5.0,3.0,38.0,104.0,0.0,2.0,2.0,2.0,5.0,537500,OF,Kole Calhoun
40,AL,boescbr01,1.0,LAA,2014,27,75.0,6.0,14.0,2.0,0.0,2.0,7.0,3.0,0.0,2.0,19.0,1.0,0.0,0.0,2.0,0.0,1250000,OF,Brennan Boesch
41,AL,morrilo01,1.0,SEA,2014,99,336.0,41.0,88.0,20.0,0.0,11.0,38.0,5.0,2.0,24.0,59.0,1.0,3.0,0.0,2.0,9.0,2725000,1B,Logan Morrison
42,NL,lemahdj01,1.0,COL,2014,149,494.0,59.0,132.0,15.0,5.0,5.0,42.0,10.0,10.0,33.0,97.0,7.0,2.0,7.0,2.0,13.0,517500,2B,DJ LeMahieu
43,NL,wongko01,1.0,SLN,2014,113,402.0,52.0,100.0,14.0,3.0,12.0,42.0,20.0,4.0,21.0,71.0,3.0,4.0,5.0,1.0,12.0,520000,2B,Kolten Wong
44,NL,adamsma01,1.0,SLN,2014,142,527.0,55.0,152.0,34.0,5.0,15.0,68.0,3.0,2.0,26.0,114.0,5.0,3.0,0.0,7.0,9.0,534000,1B,Matt Adams
45,AL,perezro02,1.0,CLE,2014,29,85.0,10.0,23.0,5.0,0.0,1.0,4.0,0.0,0.0,5.0,26.0,0.0,0.0,5.0,0.0,2.0,508600,C,Roberto Perez
46,NL,molinya01,1.0,SLN,2014,110,404.0,40.0,114.0,21.0,0.0,7.0,38.0,1.0,1.0,28.0,55.0,4.0,6.0,1.0,6.0,14.0,15000000,C,Yadier Molina
47,AL,cabreme01,1.0,TOR,2014,139,568.0,81.0,171.0,35.0,3.0,16.0,73.0,6.0,2.0,43.0,67.0,3.0,3.0,2.0,5.0,19.0,13000000,OF,Melky Cabrera
48,AL,preslal01,1.0,HOU,2014,89,254.0,22.0,62.0,6.0,1.0,6.0,19.0,5.0,1.0,13.0,44.0,0.0,1.0,1.0,2.0,3.0,1000000,OF,Alex Presley
49,AL,kendrho01,1.0,LAA,2014,157,617.0,85.0,181.0,33.0,5.0,7.0,75.0,14.0,5.0,48.0,110.0,8.0,4.0,3.0,2.0,15.0,9500000,2B,Howie Kendrick
50,AL,hartco01,1.0,SEA,2014,68,232.0,17.0,47.0,9.0,0.0,6.0,21.0,2.0,0.0,16.0,59.0,1.0,6.0,0.0,1.0,1.0,2500000,OF,Corey Hart
51,AL,fowlede01,1.0,HOU,2014,116,434.0,61.0,120.0,21.0,4.0,8.0,35.0,11.0,4.0,66.0,108.0,2.0,3.0,1.0,1.0,6.0,9500000,OF,Dexter Fowler
52,AL,teixema01,1.0,NYA,2014,123,440.0,56.0,95.0,14.0,0.0,22.0,62.0,1.0,1.0,58.0,109.0,3.0,6.0,0.0,4.0,13.0,23125000,1B,Mark Teixeira
53,NL,nievewi01,1.0,PHI,2014,36,122.0,9.0,31.0,8.0,0.0,1.0,7.0,1.0,0.0,1.0,34.0,0.0,2.0,2.0,1.0,2.0,850000,C,Wil Nieves
54,AL,wietema01,1.0,BAL,2014,26,104.0,13.0,32.0,5.0,0.0,5.0,18.0,0.0,1.0,6.0,19.0,0.0,0.0,0.0,2.0,1.0,8300000,C,Matt Wieters
55,AL,youngde03,1.0,BAL,2014,83,242.0,27.0,73.0,11.0,1.0,7.0,30.0,2.0,0.0,10.0,51.0,0.0,3.0,0.0,0.0,6.0,2250000,OF,Delmon Young
56,NL,kempma01,1.0,LAN,2014,150,541.0,77.0,155.0,38.0,3.0,25.0,89.0,8.0,5.0,52.0,145.0,3.0,0.0,0.0,6.0,21.0,21250000,OF,Matt Kemp
57,NL,ascheco01,1.0,PHI,2014,121,397.0,43.0,100.0,25.0,0.0,10.0,46.0,0.0,1.0,33.0,102.0,4.0,0.0,3.0,1.0,6.0,517500,3B,Cody Asche
58,NL,jonesga02,1.0,MIA,2014,146,496.0,59.0,122.0,33.0,2.0,15.0,53.0,0.0,1.0,46.0,116.0,4.0,1.0,0.0,4.0,10.0,5000000,1B,Garrett Jones
59,AL,norride01,1.0,OAK,2014,127,385.0,46.0,104.0,19.0,1.0,10.0,55.0,2.0,2.0,54.0,86.0,2.0,1.0,1.0,1.0,12.0,545000,C,Derek Norris
60,NL,rogerja02,1.0,MIL,2014,8,9.0,0.0,1.0,1.0,0.0,0.0,0.0,0.0,0.0,1.0,1.0,0.0,0.0,0.0,0.0,0.0,507500,1B,Jason Rogers
61,NL,robinsh01,1.0,SLN,2014,47,60.0,3.0,9.0,1.0,1.0,0.0,4.0,0.0,1.0,6.0,10.0,0.0,0.0,0.0,0.0,3.0,550000,OF,Shane Robinson
62,NL,weeksri01,1.0,MIL,2014,121,252.0,36.0,69.0,19.0,1.0,8.0,29.0,3.0,4.0,25.0,73.0,0.0,8.0,0.0,1.0,7.0,2000000,2B,Rickie Weeks
63,NL,segurje01,1.0,MIL,2014,146,513.0,61.0,126.0,14.0,6.0,5.0,31.0,20.0,9.0,28.0,70.0,5.0,4.0,10.0,2.0,13.0,534000,SS,Jean Segura
64,AL,tayloch03,1.0,SEA,2014,47,136.0,16.0,39.0,8.0,0.0,0.0,9.0,5.0,2.0,11.0,39.0,0.0,2.0,1.0,1.0,3.0,512400,SS,Chris Taylor
65,NL,morneju01,1.0,COL,2014,135,502.0,62.0,160.0,32.0,3.0,17.0,82.0,0.0,3.0,34.0,60.0,4.0,6.0,0.0,8.0,7.0,6750000,1B,Justin Morneau
66,AL,donaljo02,1.0,OAK,2014,158,608.0,93.0,155.0,31.0,2.0,29.0,98.0,8.0,0.0,76.0,130.0,5.0,7.0,0.0,4.0,16.0,4300000,3B,Josh Donaldson
67,AL,rossda01,1.0,BOS,2014,50,152.0,16.0,28.0,7.0,0.0,7.0,15.0,0.0,1.0,16.0,58.0,1.0,0.0,2.0,1.0,1.0,2500000,C,David Ross
68,NL,rizzoan01,1.0,CHN,2014,140,524.0,89.0,150.0,28.0,1.0,32.0,78.0,5.0,4.0,73.0,116.0,7.0,15.0,0.0,4.0,8.0,5000000,1B,Anthony Rizzo
69,NL,martiru01,1.0,PIT,2014,111,379.0,45.0,110.0,20.0,0.0,11.0,67.0,4.0,4.0,59.0,78.0,5.0,15.0,2.0,5.0,16.0,7000000,C,Russell Martin
70,NL,harpebr03,1.0,WAS,2014,100,352.0,41.0,96.0,10.0,2.0,13.0,32.0,2.0,2.0,38.0,104.0,4.0,1.0,3.0,1.0,6.0,2500000,OF,Bryce Harper
71,NL,coghlch01,1.0,CHN,2014,125,385.0,50.0,109.0,28.0,5.0,9.0,41.0,7.0,4.0,39.0,81.0,2.0,3.0,3.0,2.0,5.0,2505000,OF,Chris Coghlan
72,AL,gomesya01,1.0,CLE,2014,135,485.0,61.0,135.0,25.0,3.0,21.0,74.0,0.0,0.0,24.0,120.0,3.0,3.0,0.0,6.0,13.0,1000000,C,Yan Gomes
73,NL,francje02,1.0,SDN,2014,10,24.0,2.0,2.0,0.0,0.0,0.0,1.0,0.0,0.0,3.0,7.0,0.0,0.0,0.0,1.0,0.0,950000,OF,Jeff Francoeur
74,AL,mossbr01,1.0,OAK,2014,147,500.0,70.0,117.0,23.0,2.0,25.0,81.0,1.0,0.0,67.0,153.0,7.0,10.0,0.0,3.0,6.0,6500000,OF,Brandon Moss
75,NL,gosewtu01,1.0,ARI,2014,41,129.0,6.0,29.0,8.0,0.0,1.0,7.0,0.0,0.0,3.0,24.0,0.0,0.0,0.0,0.0,6.0,514500,C,Tuffy Gosewisch
76,AL,brantmi02,1.0,CLE,2014,156,611.0,94.0,200.0,45.0,2.0,20.0,97.0,23.0,1.0,52.0,56.0,4.0,8.0,0.0,5.0,16.0,5875000,OF,Michael Brantley
77,AL,herrmch01,1.0,MIN,2014,33,75.0,8.0,16.0,3.0,0.0,0.0,4.0,1.0,0.0,4.0,17.0,0.0,0.0,0.0,0.0,2.0,510000,OF,Chris Herrmann
78,NL,byrdma01,1.0,PHI,2014,154,591.0,71.0,156.0,28.0,2.0,25.0,85.0,3.0,2.0,35.0,185.0,7.0,8.0,0.0,3.0,6.0,8000000,OF,Marlon Byrd
79,NL,ruizca01,1.0,PHI,2014,110,381.0,43.0,96.0,25.0,1.0,6.0,31.0,4.0,2.0,46.0,60.0,1.0,12.0,1.0,5.0,11.0,8500000,C,Carlos Ruiz
80,AL,iannech01,1.0,LAA,2014,108,306.0,41.0,77.0,22.0,0.0,7.0,43.0,3.0,0.0,54.0,91.0,3.0,8.0,0.0,5.0,3.0,5525000,C,Chris Iannetta
81,NL,polangr01,1.0,PIT,2014,89,277.0,50.0,65.0,9.0,0.0,7.0,33.0,14.0,5.0,30.0,59.0,1.0,0.0,2.0,2.0,1.0,525000,OF,Gregory Polanco
82,NL,peralda01,1.0,ARI,2014,88,329.0,40.0,94.0,12.0,9.0,8.0,36.0,6.0,3.0,16.0,60.0,0.0,1.0,1.0,1.0,9.0,1024000,OF,David Peralta
83,NL,browndo01,1.0,PHI,2014,144,473.0,47.0,111.0,22.0,1.0,10.0,63.0,7.0,1.0,34.0,91.0,4.0,1.0,0.0,4.0,9.0,2600000,OF,Domonic Brown
84,AL,sucreje01,1.0,SEA,2014,21,61.0,4.0,13.0,2.0,0.0,0.0,5.0,0.0,0.0,0.0,17.0,0.0,0.0,3.0,0.0,0.0,509300,C,Jesus Sucre
85,NL,dickeco01,1.0,COL,2014,131,436.0,74.0,136.0,27.0,6.0,24.0,76.0,8.0,7.0,37.0,101.0,6.0,1.0,0.0,4.0,6.0,512500,OF,Corey Dickerson
86,AL,bogaexa01,1.0,BOS,2014,144,538.0,60.0,129.0,28.0,1.0,12.0,46.0,2.0,3.0,39.0,138.0,1.0,8.0,2.0,7.0,11.0,543000,SS,Xander Bogaerts
87,AL,davisch02,1.0,BAL,2014,127,450.0,65.0,88.0,16.0,0.0,26.0,72.0,2.0,1.0,60.0,173.0,9.0,9.0,1.0,5.0,2.0,12000000,1B,Chris Davis
88,AL,vargake01,1.0,MIN,2014,53,215.0,26.0,59.0,10.0,1.0,9.0,38.0,0.0,0.0,12.0,63.0,2.0,3.0,0.0,4.0,5.0,517500,1B,Kennys Vargas
89,AL,hardyjj01,1.0,BAL,2014,141,529.0,56.0,142.0,28.0,0.0,9.0,52.0,0.0,0.0,29.0,104.0,1.0,4.0,3.0,4.0,12.0,11500000,SS,J. J. Hardy
90,AL,colonch01,1.0,KCA,2014,21,45.0,8.0,15.0,5.0,1.0,0.0,6.0,2.0,0.0,3.0,4.0,0.0,0.0,1.0,0.0,1.0,509525,2B,Christian Colon
91,NL,panikjo01,1.0,SFN,2014,73,269.0,31.0,82.0,10.0,2.0,1.0,18.0,0.0,0.0,16.0,33.0,0.0,0.0,1.0,1.0,4.0,522500,2B,Joe Panik
92,AL,josepca01,1.0,BAL,2014,82,246.0,22.0,51.0,9.0,0.0,9.0,28.0,0.0,1.0,17.0,69.0,0.0,3.0,6.0,3.0,6.0,515000,C,Caleb Joseph
93,NL,inciaen01,1.0,ARI,2014,118,418.0,54.0,116.0,18.0,2.0,4.0,27.0,19.0,3.0,25.0,53.0,0.0,0.0,4.0,0.0,3.0,513000,OF,Ender Inciarte
94,NL,bruceja01,1.0,CIN,2014,137,493.0,71.0,107.0,21.0,1.0,18.0,66.0,12.0,3.0,44.0,149.0,5.0,2.0,1.0,5.0,8.0,12000000,OF,Jay Bruce
95,NL,braunry02,1.0,MIL,2014,135,530.0,68.0,141.0,30.0,6.0,19.0,81.0,11.0,5.0,41.0,113.0,3.0,6.0,0.0,3.0,17.0,13000000,OF,Ryan Braun
96,AL,troutmi01,1.0,LAA,2014,157,602.0,115.0,173.0,39.0,9.0,36.0,111.0,16.0,2.0,83.0,184.0,6.0,10.0,0.0,10.0,6.0,6083000,OF,Mike Trout
97,NL,spande01,1.0,WAS,2014,147,610.0,94.0,184.0,39.0,8.0,5.0,37.0,31.0,7.0,50.0,65.0,1.0,2.0,3.0,3.0,6.0,9000000,OF,Denard Span
98,AL,croncj01,1.0,LAA,2014,79,242.0,28.0,62.0,12.0,1.0,11.0,37.0,0.0,0.0,10.0,61.0,0.0,1.0,0.0,0.0,10.0,512500,1B,C. J. Cron
99,NL,buterdr01,1.0,LAN,2014,61,170.0,16.0,32.0,6.0,1.0,3.0,14.0,0.0,0.0,17.0,41.0,1.0,2.0,1.0,2.0,1.0,987500,C,Drew Butera
100,NL,stantmi03,1.0,MIA,2014,145,539.0,89.0,155.0,31.0,1.0,37.0,105.0,13.0,1.0,94.0,170.0,24.0,3.0,0.0,2.0,16.0,6500000,OF,Giancarlo Stanton
101,NL,gattiev01,1.0,ATL,2014,108,369.0,41.0,97.0,17.0,1.0,22.0,52.0,0.0,0.0,22.0,97.0,3.0,8.0,0.0,2.0,9.0,526500,C,Evan Gattis
102,NL,stubbdr01,1.0,COL,2014,132,388.0,67.0,112.0,22.0,4.0,15.0,43.0,20.0,3.0,30.0,136.0,1.0,1.0,2.0,3.0,4.0,5825000,OF,Drew Stubbs
103,AL,martile01,1.0,TEX,2014,155,533.0,68.0,146.0,13.0,7.0,7.0,40.0,31.0,12.0,39.0,114.0,3.0,2.0,7.0,2.0,4.0,4750000,OF,Leonys Martin
104,AL,lawribr01,1.0,TOR,2014,70,259.0,27.0,64.0,9.0,0.0,12.0,38.0,0.0,0.0,16.0,49.0,0.0,5.0,0.0,2.0,0.0,1925000,3B,Brett Lawrie
105,NL,uptonju01,1.0,ATL,2014,154,566.0,77.0,153.0,34.0,2.0,29.0,102.0,8.0,4.0,60.0,171.0,1.0,6.0,0.0,8.0,10.0,14500000,OF,Justin Upton
106,NL,campber01,1.0,NYN,2014,85,190.0,16.0,50.0,9.0,0.0,3.0,16.0,3.0,0.0,17.0,55.0,0.0,1.0,0.0,3.0,5.0,511065,OF,Eric Campbell
107,AL,markani01,1.0,BAL,2014,155,642.0,81.0,177.0,27.0,1.0,14.0,50.0,4.0,2.0,62.0,84.0,4.0,4.0,0.0,2.0,10.0,11000000,OF,Nick Markakis
108,NL,gomezhe01,1.0,MIL,2014,15,20.0,2.0,3.0,1.0,0.0,0.0,1.0,0.0,0.0,1.0,9.0,0.0,0.0,0.0,0.0,0.0,507500,SS,Hector Gomez
109,NL,pennicl01,1.0,ARI,2014,68,177.0,21.0,45.0,5.0,3.0,2.0,10.0,6.0,1.0,20.0,36.0,0.0,3.0,1.0,0.0,1.0,3275000,SS,Cliff Pennington
110,AL,davisra01,1.0,DET,2014,134,461.0,64.0,130.0,27.0,2.0,8.0,51.0,36.0,11.0,22.0,75.0,0.0,5.0,3.0,3.0,7.0,5000000,OF,Rajai Davis
111,AL,navardi01,1.0,TOR,2014,139,481.0,40.0,132.0,22.0,0.0,12.0,69.0,3.0,0.0,32.0,76.0,1.0,1.0,0.0,6.0,12.0,5000000,C,Dioner Navarro
112,NL,cozarza01,1.0,CIN,2014,147,506.0,48.0,112.0,18.0,5.0,4.0,38.0,7.0,0.0,25.0,79.0,3.0,7.0,5.0,0.0,13.0,2350000,SS,Zack Cozart
113,AL,mccanja02,1.0,DET,2014,9,12.0,2.0,3.0,1.0,0.0,0.0,0.0,1.0,0.0,0.0,2.0,0.0,0.0,0.0,0.0,0.0,507500,C,James McCann
114,AL,rodrise01,1.0,TBA,2014,96,237.0,30.0,50.0,13.0,3.0,12.0,41.0,2.0,1.0,10.0,66.0,0.0,6.0,3.0,3.0,3.0,1900000,2B,Sean Rodriguez
115,AL,castrja01,1.0,HOU,2014,126,465.0,43.0,103.0,21.0,2.0,14.0,56.0,1.0,0.0,34.0,151.0,1.0,9.0,1.0,3.0,11.0,4000000,C,Jason Castro
116,AL,bournmi01,1.0,CLE,2014,106,444.0,57.0,114.0,17.0,10.0,3.0,28.0,10.0,6.0,35.0,114.0,1.0,3.0,3.0,2.0,5.0,13500000,OF,Michael Bourn
117,NL,robincl01,1.0,LAN,2014,9,9.0,3.0,3.0,0.0,0.0,0.0,2.0,0.0,0.0,1.0,1.0,0.0,0.0,0.0,0.0,0.0,525000,1B,Clint Robinson
118,AL,jennide01,1.0,TBA,2014,123,479.0,64.0,117.0,30.0,2.0,10.0,36.0,15.0,6.0,47.0,108.0,0.0,6.0,9.0,1.0,10.0,3100000,OF,Desmond Jennings
119,AL,chiriro01,1.0,TEX,2014,93,306.0,36.0,73.0,15.0,0.0,13.0,40.0,0.0,1.0,17.0,71.0,1.0,7.0,4.0,4.0,4.0,518290,C,Robinson Chirinos
120,NL,alvarpe01,1.0,PIT,2014,122,398.0,46.0,92.0,13.0,1.0,18.0,56.0,8.0,3.0,45.0,113.0,6.0,2.0,0.0,0.0,12.0,5750000,3B,Pedro Alvarez
121,AL,dysonja01,1.0,KCA,2014,120,260.0,33.0,70.0,4.0,4.0,1.0,24.0,36.0,7.0,22.0,52.0,0.0,0.0,6.0,2.0,5.0,1225000,OF,Jarrod Dyson
122,NL,souzast01,1.0,WAS,2014,21,23.0,2.0,3.0,0.0,0.0,2.0,2.0,0.0,0.0,3.0,7.0,0.0,0.0,0.0,0.0,1.0,508700,OF,Steven Souza
123,NL,alcanar01,1.0,CHN,2014,70,278.0,31.0,57.0,11.0,2.0,10.0,29.0,8.0,5.0,17.0,93.0,0.0,2.0,1.0,2.0,3.0,510000,OF,Arismendy Alcantara
124,NL,penabr01,1.0,CIN,2014,115,348.0,23.0,88.0,18.0,1.0,5.0,26.0,2.0,3.0,20.0,42.0,2.0,0.0,1.0,3.0,8.0,1400000,1B,Brayan Pena
125,AL,giavojo01,1.0,KCA,2014,12,37.0,8.0,8.0,1.0,0.0,1.0,5.0,0.0,1.0,1.0,5.0,0.0,2.0,0.0,1.0,1.0,516250,2B,Johnny Giavotella
126,AL,singljo02,1.0,HOU,2014,95,310.0,42.0,52.0,13.0,0.0,13.0,44.0,2.0,3.0,50.0,134.0,1.0,1.0,0.0,1.0,4.0,2000000,1B,Jon Singleton
127,NL,jayjo02,1.0,SLN,2014,140,413.0,52.0,125.0,16.0,3.0,3.0,46.0,6.0,3.0,28.0,78.0,3.0,20.0,3.0,4.0,17.0,4125000,OF,Jon Jay
128,NL,wrighda03,1.0,NYN,2014,134,535.0,54.0,144.0,30.0,1.0,8.0,63.0,8.0,5.0,42.0,113.0,5.0,4.0,0.0,5.0,22.0,20000000,3B,David Wright
129,AL,loughda01,1.0,BAL,2014,112,174.0,31.0,43.0,6.0,3.0,4.0,16.0,8.0,5.0,15.0,33.0,0.0,1.0,6.0,1.0,3.0,525500,OF,David Lough
130,NL,heisech01,1.0,CIN,2014,119,275.0,34.0,61.0,15.0,2.0,8.0,22.0,9.0,2.0,15.0,64.0,0.0,2.0,5.0,2.0,3.0,2160000,OF,Chris Heisey
131,NL,hamilbi02,1.0,CIN,2014,152,563.0,72.0,141.0,25.0,8.0,6.0,48.0,56.0,23.0,34.0,117.0,0.0,1.0,9.0,4.0,1.0,545000,OF,Billy Hamilton
132,NL,desmoia01,1.0,WAS,2014,154,593.0,73.0,151.0,26.0,3.0,24.0,91.0,24.0,5.0,46.0,183.0,0.0,6.0,0.0,3.0,17.0,11000000,SS,Ian Desmond
133,AL,raburry01,1.0,CLE,2014,74,195.0,18.0,39.0,7.0,0.0,4.0,22.0,0.0,0.0,13.0,51.0,1.0,1.0,0.0,3.0,8.0,2500000,OF,Ryan Raburn
134,AL,pompeda01,1.0,TOR,2014,17,39.0,5.0,9.0,1.0,2.0,1.0,4.0,1.0,0.0,4.0,12.0,0.0,0.0,0.0,0.0,0.0,508500,OF,Dalton Pompey
135,NL,larocad01,1.0,WAS,2014,140,494.0,73.0,128.0,19.0,0.0,26.0,92.0,3.0,0.0,82.0,108.0,9.0,2.0,0.0,8.0,13.0,12000000,1B,Adam LaRoche
136,AL,freesda01,1.0,LAA,2014,134,462.0,53.0,120.0,25.0,1.0,10.0,55.0,1.0,3.0,38.0,124.0,0.0,6.0,0.0,5.0,10.0,6425000,3B,David Freese
137,NL,reynoma01,1.0,MIL,2014,130,378.0,47.0,74.0,9.0,0.0,22.0,45.0,5.0,1.0,47.0,122.0,3.0,3.0,1.0,4.0,8.0,2000000,1B,Mark Reynolds
138,NL,ozunama01,1.0,MIA,2014,153,565.0,72.0,152.0,26.0,5.0,23.0,85.0,3.0,1.0,41.0,164.0,1.0,1.0,0.0,5.0,12.0,545000,OF,Marcell Ozuna
139,AL,riosal01,1.0,TEX,2014,131,492.0,54.0,138.0,30.0,8.0,4.0,54.0,17.0,9.0,23.0,93.0,3.0,1.0,0.0,5.0,19.0,11000000,OF,Alex Rios
140,AL,hosmeer01,1.0,KCA,2014,131,503.0,54.0,136.0,35.0,1.0,9.0,58.0,4.0,2.0,35.0,93.0,4.0,3.0,0.0,6.0,12.0,5650000,1B,Eric Hosmer
141,NL,gonzaad01,1.0,LAN,2014,159,591.0,83.0,163.0,41.0,0.0,27.0,116.0,1.0,1.0,56.0,112.0,9.0,2.0,0.0,11.0,13.0,21857000,1B,Adrian Gonzalez
142,AL,ellsbja01,1.0,NYA,2014,149,575.0,71.0,156.0,27.0,5.0,16.0,70.0,39.0,5.0,49.0,93.0,5.0,3.0,0.0,7.0,9.0,21142857,OF,Jacoby Ellsbury
143,AL,altuvjo01,1.0,HOU,2014,158,660.0,85.0,225.0,47.0,3.0,7.0,59.0,56.0,9.0,36.0,53.0,7.0,5.0,1.0,5.0,20.0,2500000,2B,Jose Altuve
144,AL,callaal01,1.0,OAK,2014,127,404.0,37.0,90.0,15.0,0.0,4.0,39.0,0.0,1.0,40.0,50.0,1.0,1.0,0.0,6.0,18.0,3000000,2B,Alberto Callaspo
145,NL,howarry01,1.0,PHI,2014,153,569.0,65.0,127.0,18.0,1.0,23.0,95.0,0.0,0.0,67.0,190.0,7.0,7.0,0.0,5.0,10.0,25000000,1B,Ryan Howard
146,AL,hamiljo03,1.0,LAA,2014,89,338.0,43.0,89.0,21.0,0.0,10.0,44.0,3.0,3.0,32.0,108.0,5.0,5.0,0.0,6.0,2.0,22708749,OF,Josh Hamilton
147,NL,valbulu01,1.0,CHN,2014,149,478.0,68.0,119.0,33.0,4.0,16.0,51.0,1.0,2.0,65.0,113.0,4.0,2.0,1.0,1.0,8.0,4200000,3B,Luis Valbuena
148,AL,petitgr01,1.0,HOU,2014,37,97.0,14.0,27.0,8.0,0.0,2.0,9.0,0.0,1.0,1.0,25.0,0.0,2.0,0.0,0.0,1.0,510000,SS,Gregorio Petit
149,NL,oltmi01,1.0,CHN,2014,89,225.0,23.0,36.0,8.0,0.0,12.0,33.0,0.0,1.0,25.0,100.0,0.0,3.0,0.0,5.0,3.0,520000,3B,Mike Olt
150,AL,nunezed02,1.0,MIN,2014,72,204.0,26.0,51.0,7.0,4.0,4.0,24.0,9.0,3.0,5.0,31.0,0.0,1.0,3.0,0.0,7.0,1025000,SS,Eduardo Nunez
151,NL,tabatjo01,1.0,PIT,2014,80,174.0,14.0,49.0,5.0,2.0,0.0,17.0,1.0,2.0,7.0,26.0,0.0,2.0,1.0,2.0,12.0,4000000,OF,Jose Tabata
152,AL,bettsmo01,1.0,BOS,2014,52,189.0,34.0,55.0,12.0,1.0,5.0,18.0,7.0,3.0,21.0,31.0,0.0,2.0,1.0,0.0,2.0,514500,OF,Mookie Betts
153,AL,joycema01,1.0,TBA,2014,140,418.0,51.0,106.0,23.0,2.0,9.0,52.0,2.0,5.0,62.0,111.0,4.0,4.0,0.0,9.0,11.0,4750000,OF,Matthew Joyce
154,AL,perezsa02,1.0,KCA,2014,150,578.0,57.0,150.0,28.0,2.0,17.0,70.0,1.0,0.0,22.0,85.0,2.0,3.0,0.0,3.0,22.0,1750000,C,Salvador Perez
155,AL,navada01,1.0,BOS,2014,113,363.0,41.0,98.0,21.0,0.0,4.0,37.0,4.0,2.0,33.0,81.0,1.0,10.0,0.0,2.0,5.0,1850000,OF,Daniel Nava
156,NL,reverbe01,1.0,PHI,2014,151,601.0,71.0,184.0,13.0,7.0,2.0,28.0,49.0,8.0,13.0,49.0,1.0,4.0,7.0,1.0,11.0,4100000,OF,Ben Revere
157,AL,gosean01,1.0,TOR,2014,94,239.0,31.0,54.0,8.0,1.0,2.0,13.0,15.0,5.0,25.0,74.0,0.0,5.0,4.0,1.0,9.0,515000,OF,Anthony Gose
158,NL,rendoan01,1.0,WAS,2014,153,613.0,111.0,176.0,39.0,6.0,21.0,83.0,17.0,3.0,58.0,104.0,2.0,5.0,2.0,5.0,11.0,2500000,3B,Anthony Rendon
159,AL,casteni01,1.0,DET,2014,148,533.0,50.0,138.0,31.0,4.0,11.0,66.0,2.0,2.0,36.0,140.0,3.0,3.0,0.0,7.0,7.0,525000,3B,Nick Castellanos
160,NL,lambja01,1.0,ARI,2014,37,126.0,15.0,29.0,4.0,1.0,4.0,11.0,1.0,1.0,6.0,37.0,0.0,0.0,0.0,1.0,4.0,508500,3B,Jake Lamb
161,AL,swishni01,1.0,CLE,2014,97,360.0,33.0,75.0,20.0,0.0,8.0,42.0,0.0,0.0,36.0,111.0,0.0,0.0,1.0,4.0,7.0,15000000,1B,Nick Swisher
162,NL,terdojo01,1.0,ATL,2014,9,10.0,1.0,3.0,2.0,0.0,0.0,2.0,0.0,0.0,0.0,3.0,0.0,1.0,0.0,0.0,0.0,507500,OF,Joey Terdoslavich
163,AL,pedrodu01,1.0,BOS,2014,135,551.0,72.0,153.0,33.0,0.0,7.0,53.0,6.0,6.0,51.0,75.0,1.0,1.0,0.0,6.0,14.0,12500000,2B,Dustin Pedroia
164,NL,sanchto01,1.0,PIT,2014,26,75.0,3.0,20.0,1.0,0.0,2.0,13.0,0.0,0.0,3.0,28.0,0.0,1.0,0.0,1.0,0.0,518000,C,Tony Sanchez
165,NL,rufda01,1.0,PHI,2014,52,102.0,13.0,24.0,8.0,0.0,3.0,8.0,0.0,0.0,8.0,32.0,0.0,4.0,1.0,2.0,2.0,515000,1B,Darin Ruf
166,NL,tulowtr01,1.0,COL,2014,91,315.0,71.0,107.0,18.0,1.0,21.0,52.0,1.0,1.0,50.0,57.0,4.0,5.0,0.0,5.0,4.0,20000000,SS,Troy Tulowitzki
167,NL,mathije01,1.0,MIA,2014,64,175.0,12.0,35.0,7.0,0.0,2.0,12.0,0.0,0.0,15.0,64.0,2.0,0.0,5.0,0.0,2.0,1500000,C,Jeff Mathis
168,NL,sanchhe01,1.0,SFN,2014,66,163.0,8.0,32.0,8.0,0.0,3.0,28.0,0.0,1.0,8.0,55.0,1.0,2.0,0.0,4.0,2.0,800000,C,Hector Sanchez
169,AL,suzukku01,1.0,MIN,2014,131,452.0,37.0,130.0,34.0,0.0,3.0,61.0,0.0,1.0,34.0,46.0,0.0,9.0,1.0,7.0,9.0,6000000,C,Kurt Suzuki
170,AL,odorro01,1.0,TEX,2014,114,386.0,39.0,100.0,14.0,7.0,9.0,48.0,4.0,7.0,17.0,71.0,1.0,5.0,6.0,3.0,7.0,513850,2B,Rougned Odor
171,NL,ramoswi01,1.0,WAS,2014,88,341.0,32.0,91.0,12.0,0.0,11.0,47.0,0.0,0.0,17.0,57.0,2.0,0.0,0.0,3.0,17.0,3550000,C,Wilson Ramos
172,NL,barmecl01,1.0,PIT,2014,48,102.0,15.0,25.0,5.0,0.0,0.0,7.0,1.0,1.0,9.0,18.0,2.0,4.0,0.0,1.0,2.0,1300000,SS,Clint Barmes
173,AL,canoro01,1.0,SEA,2014,157,595.0,77.0,187.0,37.0,2.0,14.0,82.0,10.0,3.0,61.0,68.0,20.0,6.0,0.0,3.0,19.0,24000000,2B,Robinson Cano
174,NL,lamboan01,1.0,PIT,2014,21,39.0,3.0,10.0,4.0,0.0,0.0,1.0,0.0,0.0,0.0,8.0,0.0,0.0,0.0,0.0,2.0,515500,OF,Andrew Lambo
175,AL,grossro01,1.0,HOU,2014,103,360.0,42.0,84.0,14.0,2.0,6.0,37.0,9.0,3.0,55.0,105.0,1.0,2.0,3.0,2.0,7.0,515000,OF,Robbie Grossman
176,AL,beltrca01,1.0,NYA,2014,109,403.0,46.0,94.0,23.0,0.0,15.0,49.0,3.0,1.0,37.0,80.0,2.0,4.0,0.0,5.0,11.0,15000000,OF,Carlos Beltran
177,AL,ortizda01,1.0,BOS,2014,142,518.0,59.0,136.0,27.0,0.0,35.0,104.0,0.0,0.0,75.0,95.0,22.0,3.0,0.0,6.0,18.0,16000000,1B,David Ortiz
178,NL,uptonbj01,1.0,ATL,2014,141,519.0,67.0,108.0,19.0,5.0,12.0,35.0,20.0,7.0,57.0,173.0,5.0,1.0,3.0,2.0,6.0,14450000,OF,Melvin Upton
179,NL,phillbr01,1.0,CIN,2014,121,462.0,44.0,123.0,25.0,0.0,8.0,51.0,2.0,3.0,23.0,74.0,1.0,6.0,2.0,6.0,13.0,12000000,2B,Brandon Phillips
180,AL,smolija01,1.0,TEX,2014,24,86.0,12.0,30.0,5.0,0.0,3.0,12.0,0.0,0.0,3.0,24.0,0.0,3.0,0.0,0.0,1.0,508500,OF,Jake Smolinski
181,NL,schaflo01,1.0,MIL,2014,65,116.0,13.0,21.0,9.0,1.0,0.0,8.0,2.0,1.0,15.0,27.0,3.0,1.0,3.0,1.0,0.0,510500,OF,Logan Schafer
182,NL,bethach01,1.0,ATL,2014,31,113.0,7.0,28.0,3.0,0.0,0.0,9.0,1.0,1.0,3.0,26.0,0.0,1.0,0.0,0.0,3.0,507500,C,Christian Bethancourt
183,NL,daviskh01,1.0,MIL,2014,144,501.0,70.0,122.0,37.0,2.0,22.0,69.0,4.0,1.0,32.0,122.0,0.0,10.0,0.0,6.0,13.0,519500,OF,Khris Davis
184,NL,ramirar01,1.0,MIL,2014,133,494.0,47.0,141.0,23.0,1.0,15.0,66.0,3.0,0.0,21.0,75.0,2.0,13.0,0.0,3.0,18.0,14000000,3B,Aramis Ramirez
185,NL,mcgehca01,1.0,MIA,2014,160,616.0,56.0,177.0,29.0,1.0,4.0,76.0,4.0,2.0,67.0,102.0,3.0,1.0,0.0,7.0,31.0,4800000,3B,Casey McGehee
186,AL,martijd02,1.0,DET,2014,123,441.0,57.0,139.0,30.0,3.0,23.0,76.0,6.0,3.0,30.0,126.0,5.0,3.0,0.0,6.0,8.0,3000000,OF,J. D. Martinez
187,AL,navaref01,1.0,LAA,2014,64,159.0,17.0,39.0,10.0,1.0,1.0,14.0,1.0,3.0,13.0,27.0,2.0,0.0,2.0,0.0,0.0,511000,1B,Efren Navarro
188,AL,middlwi01,1.0,BOS,2014,63,215.0,14.0,41.0,10.0,0.0,2.0,19.0,1.0,1.0,15.0,70.0,1.0,4.0,0.0,0.0,7.0,540500,3B,Will Middlebrooks
189,AL,martivi01,1.0,DET,2014,151,561.0,87.0,188.0,33.0,0.0,32.0,103.0,3.0,2.0,70.0,42.0,28.0,4.0,0.0,6.0,17.0,14000000,1B,Victor Martinez
190,NL,duffyma01,1.0,SFN,2014,34,60.0,5.0,16.0,2.0,0.0,0.0,8.0,0.0,1.0,1.0,14.0,0.0,2.0,1.0,0.0,1.0,509000,2B,Matt Duffy
191,AL,flahery01,1.0,BAL,2014,102,281.0,33.0,62.0,15.0,1.0,7.0,32.0,1.0,0.0,22.0,68.0,2.0,5.0,3.0,1.0,3.0,1075000,3B,Ryan Flaherty
192,NL,simmoan01,1.0,ATL,2014,146,540.0,44.0,132.0,18.0,4.0,7.0,46.0,4.0,5.0,32.0,60.0,4.0,0.0,2.0,2.0,25.0,3000000,SS,Andrelton Simmons
193,NL,ariasjo01,1.0,SFN,2014,107,193.0,18.0,49.0,9.0,0.0,0.0,15.0,1.0,0.0,8.0,23.0,2.0,0.0,1.0,2.0,1.0,1450000,3B,Joaquin Arias
194,NL,ethiean01,1.0,LAN,2014,130,341.0,29.0,85.0,17.0,6.0,4.0,42.0,2.0,2.0,31.0,74.0,3.0,6.0,1.0,1.0,5.0,18000000,OF,Andre Ethier
195,AL,beltrad01,1.0,TEX,2014,148,549.0,79.0,178.0,33.0,1.0,19.0,77.0,1.0,1.0,57.0,74.0,13.0,3.0,0.0,5.0,15.0,16000000,3B,Adrian Beltre
196,AL,hanigry01,1.0,TBA,2014,84,225.0,18.0,49.0,9.0,0.0,5.0,34.0,1.0,0.0,31.0,39.0,0.0,3.0,2.0,2.0,6.0,3500000,C,Ryan Hanigan
197,AL,choosh01,1.0,TEX,2014,123,455.0,58.0,110.0,19.0,1.0,13.0,40.0,3.0,4.0,58.0,131.0,3.0,12.0,0.0,4.0,9.0,14000000,OF,Shin-Soo Choo
198,NL,lobatjo01,1.0,WAS,2014,66,214.0,18.0,50.0,9.0,0.0,2.0,12.0,0.0,0.0,15.0,61.0,1.0,1.0,0.0,0.0,5.0,1200000,C,Jose Lobaton
199,NL,blancan01,1.0,PHI,2014,25,47.0,4.0,13.0,5.0,0.0,1.0,3.0,0.0,0.0,2.0,6.0,1.0,0.0,4.0,0.0,4.0,850000,3B,Andres Blanco
200,AL,avilemi01,1.0,CLE,2014,113,344.0,38.0,85.0,16.0,1.0,5.0,39.0,14.0,5.0,13.0,49.0,0.0,1.0,11.0,5.0,10.0,3500000,3B,Mike Aviles
201,NL,sandopa01,1.0,SFN,2014,157,588.0,68.0,164.0,26.0,3.0,16.0,73.0,0.0,0.0,39.0,85.0,6.0,4.0,0.0,7.0,16.0,17600000,3B,Pablo Sandoval
202,AL,corpoca01,1.0,HOU,2014,55,170.0,22.0,40.0,6.0,0.0,6.0,19.0,0.0,0.0,14.0,37.0,0.0,3.0,1.0,2.0,3.0,975000,C,Carlos Corporan
203,AL,victosh01,1.0,BOS,2014,30,123.0,14.0,33.0,6.0,1.0,2.0,12.0,2.0,0.0,6.0,21.0,0.0,1.0,1.0,2.0,3.0,13000000,OF,Shane Victorino
204,AL,pillake01,1.0,TOR,2014,53,116.0,19.0,31.0,9.0,0.0,2.0,7.0,1.0,2.0,4.0,28.0,0.0,1.0,0.0,1.0,3.0,512000,OF,Kevin Pillar
205,NL,freemfr01,1.0,ATL,2014,162,607.0,93.0,175.0,43.0,4.0,18.0,78.0,3.0,4.0,90.0,145.0,4.0,8.0,0.0,3.0,18.0,8500000,1B,Freddie Freeman
206,NL,centeju01,1.0,NYN,2014,10,30.0,1.0,6.0,0.0,0.0,0.0,2.0,0.0,0.0,3.0,5.0,0.0,0.0,0.0,0.0,2.0,507500,C,Juan Centeno
207,AL,congeha01,1.0,LAA,2014,80,231.0,24.0,51.0,12.0,0.0,4.0,25.0,0.0,2.0,22.0,57.0,0.0,2.0,4.0,1.0,6.0,1075000,C,Hank Conger
208,AL,crispco01,1.0,OAK,2014,126,463.0,68.0,114.0,21.0,3.0,9.0,47.0,19.0,5.0,66.0,66.0,2.0,0.0,1.0,6.0,3.0,11000000,OF,Coco Crisp
209,NL,hollima01,1.0,SLN,2014,156,574.0,83.0,156.0,37.0,0.0,20.0,90.0,4.0,1.0,74.0,100.0,4.0,17.0,0.0,2.0,20.0,17000000,OF,Matt Holliday
210,AL,jimenlu02,1.0,LAA,2014,18,37.0,3.0,6.0,2.0,0.0,0.0,2.0,0.0,0.0,0.0,13.0,0.0,2.0,2.0,0.0,1.0,508500,3B,Luis Jimenez
211,NL,hernace02,1.0,PHI,2014,66,114.0,13.0,27.0,2.0,0.0,1.0,4.0,1.0,1.0,9.0,33.0,1.0,0.0,1.0,1.0,1.0,510000,3B,Cesar Hernandez
212,AL,tollest01,1.0,TOR,2014,109,170.0,21.0,43.0,7.0,2.0,3.0,16.0,3.0,1.0,12.0,49.0,0.0,2.0,4.0,1.0,3.0,517300,2B,Steven Tolleson
213,NL,beltbr01,1.0,SFN,2014,61,214.0,30.0,52.0,8.0,0.0,12.0,27.0,3.0,1.0,18.0,64.0,2.0,2.0,0.0,1.0,4.0,3600000,1B,Brandon Belt
214,AL,mccanbr01,1.0,NYA,2014,140,495.0,57.0,115.0,15.0,1.0,23.0,75.0,0.0,0.0,32.0,77.0,1.0,7.0,0.0,4.0,16.0,17000000,C,Brian McCann
215,AL,eatonad02,1.0,CHA,2014,123,486.0,76.0,146.0,26.0,10.0,1.0,35.0,15.0,9.0,43.0,83.0,0.0,5.0,2.0,2.0,4.0,850000,OF,Adam Eaton
216,NL,gregodi01,1.0,ARI,2014,80,270.0,35.0,61.0,9.0,5.0,6.0,27.0,3.0,0.0,22.0,52.0,3.0,3.0,2.0,2.0,1.0,553900,SS,Didi Gregorius
217,NL,smithse01,1.0,SDN,2014,136,443.0,55.0,118.0,31.0,5.0,12.0,48.0,1.0,1.0,69.0,87.0,3.0,4.0,0.0,4.0,9.0,6000000,OF,Seth Smith
218,NL,uribeju01,1.0,LAN,2014,103,386.0,36.0,120.0,23.0,0.0,9.0,54.0,0.0,1.0,15.0,77.0,2.0,1.0,0.0,2.0,15.0,6500000,3B,Juan Uribe
219,AL,escobyu01,1.0,TBA,2014,137,476.0,33.0,123.0,18.0,0.0,7.0,39.0,1.0,1.0,43.0,60.0,3.0,4.0,4.0,2.0,15.0,5000000,SS,Yunel Escobar
220,NL,galvifr01,1.0,PHI,2014,43,119.0,14.0,21.0,3.0,1.0,4.0,12.0,1.0,0.0,8.0,30.0,0.0,0.0,0.0,1.0,0.0,513500,SS,Freddy Galvis
221,NL,tejadru01,1.0,NYN,2014,119,355.0,30.0,84.0,11.0,0.0,5.0,34.0,1.0,2.0,50.0,73.0,11.0,8.0,4.0,2.0,8.0,1880000,SS,Ruben Tejada
222,AL,schoojo01,1.0,BAL,2014,137,455.0,48.0,95.0,18.0,0.0,16.0,45.0,2.0,0.0,13.0,122.0,0.0,8.0,5.0,0.0,12.0,515000,2B,Jonathan Schoop
223,AL,garciav01,1.0,CHA,2014,46,172.0,19.0,42.0,8.0,0.0,7.0,29.0,4.0,1.0,14.0,44.0,1.0,2.0,0.0,2.0,5.0,523000,OF,Avisail Garcia
224,NL,negrokr01,1.0,CIN,2014,49,144.0,19.0,39.0,10.0,1.0,6.0,17.0,5.0,0.0,12.0,40.0,0.0,1.0,1.0,0.0,2.0,512500,3B,Kristopher Negron
225,NL,rosarwi01,1.0,COL,2014,106,382.0,46.0,102.0,25.0,0.0,13.0,54.0,1.0,0.0,23.0,70.0,5.0,0.0,0.0,5.0,17.0,2800000,C,Wilin Rosario
226,NL,gonzaca01,1.0,COL,2014,70,260.0,35.0,62.0,15.0,1.0,11.0,38.0,3.0,0.0,19.0,70.0,2.0,1.0,0.0,1.0,7.0,16000000,OF,Carlos Gonzalez
227,AL,cartech02,1.0,HOU,2014,145,507.0,68.0,115.0,21.0,1.0,37.0,88.0,5.0,2.0,56.0,182.0,6.0,5.0,0.0,4.0,12.0,4175000,1B,Chris Carter
228,NL,reckean01,1.0,NYN,2014,58,174.0,18.0,35.0,9.0,0.0,7.0,27.0,1.0,1.0,10.0,64.0,0.0,1.0,2.0,2.0,2.0,517880,C,Anthony Recker
229,AL,machama01,1.0,BAL,2014,82,327.0,38.0,91.0,14.0,0.0,12.0,32.0,2.0,0.0,20.0,68.0,2.0,3.0,2.0,2.0,13.0,548000,3B,Manny Machado
230,AL,dejesda01,1.0,TBA,2014,83,238.0,24.0,59.0,15.0,2.0,6.0,19.0,0.0,3.0,30.0,43.0,1.0,5.0,0.0,0.0,7.0,5000000,OF,David DeJesus
231,NL,utleych01,1.0,PHI,2014,155,589.0,74.0,159.0,36.0,6.0,11.0,78.0,10.0,1.0,53.0,85.0,12.0,13.0,0.0,9.0,8.0,15000000,2B,Chase Utley
232,AL,santaca01,1.0,CLE,2014,152,541.0,68.0,125.0,25.0,0.0,27.0,85.0,5.0,2.0,113.0,124.0,5.0,3.0,0.0,3.0,13.0,6000000,1B,Carlos Santana
233,AL,cecchga01,1.0,BOS,2014,11,31.0,6.0,8.0,3.0,0.0,1.0,4.0,0.0,0.0,3.0,11.0,0.0,2.0,0.0,0.0,0.0,508500,3B,Garin Cecchini
234,NL,kozmape01,1.0,SLN,2014,14,23.0,4.0,7.0,3.0,0.0,0.0,0.0,0.0,0.0,3.0,4.0,0.0,0.0,0.0,0.0,0.0,522000,SS,Pete Kozma
235,AL,suzukic01,1.0,NYA,2014,143,359.0,42.0,102.0,13.0,2.0,1.0,22.0,15.0,3.0,21.0,68.0,1.0,1.0,2.0,2.0,3.0,2000000,OF,Ichiro Suzuki
236,AL,gordoal01,1.0,KCA,2014,156,563.0,87.0,150.0,34.0,1.0,19.0,74.0,12.0,3.0,65.0,126.0,5.0,11.0,0.0,4.0,11.0,12500000,OF,Alex Gordon
237,NL,darnatr01,1.0,NYN,2014,108,385.0,48.0,93.0,22.0,3.0,13.0,41.0,1.0,0.0,32.0,64.0,5.0,2.0,1.0,1.0,15.0,525424,C,Travis d'Arnaud
238,NL,mccutan01,1.0,PIT,2014,146,548.0,89.0,172.0,38.0,6.0,25.0,83.0,18.0,3.0,84.0,115.0,8.0,10.0,0.0,6.0,9.0,10000000,OF,Andrew McCutchen
239,AL,maxweju01,1.0,KCA,2014,20,40.0,4.0,6.0,1.0,0.0,0.0,3.0,0.0,1.0,2.0,20.0,0.0,2.0,0.0,1.0,0.0,1000000,OF,Justin Maxwell
240,NL,bourjpe01,1.0,SLN,2014,119,264.0,32.0,61.0,9.0,5.0,4.0,24.0,9.0,3.0,20.0,78.0,1.0,4.0,5.0,1.0,5.0,1650000,OF,Peter Bourjos
241,AL,plouftr01,1.0,MIN,2014,136,520.0,69.0,134.0,40.0,2.0,14.0,80.0,2.0,1.0,53.0,109.0,2.0,4.0,0.0,5.0,12.0,4800000,3B,Trevor Plouffe
242,NL,goldspa01,1.0,ARI,2014,109,406.0,75.0,122.0,39.0,1.0,19.0,69.0,9.0,3.0,64.0,110.0,10.0,2.0,0.0,3.0,10.0,3100000,1B,Paul Goldschmidt
243,NL,paganan01,1.0,SFN,2014,96,383.0,56.0,115.0,21.0,2.0,3.0,27.0,16.0,6.0,25.0,53.0,1.0,1.0,1.0,3.0,5.0,10250000,OF,Angel Pagan
244,AL,bradlja02,1.0,BOS,2014,127,384.0,45.0,76.0,19.0,2.0,1.0,30.0,8.0,0.0,31.0,121.0,1.0,5.0,1.0,2.0,10.0,528000,OF,Jackie Bradley
245,AL,gillaco01,1.0,CHA,2014,130,464.0,50.0,131.0,31.0,5.0,7.0,57.0,0.0,4.0,36.0,78.0,4.0,3.0,0.0,3.0,5.0,550000,3B,Conor Gillaspie
246,AL,holtbr01,1.0,BOS,2014,106,449.0,68.0,126.0,23.0,5.0,4.0,29.0,12.0,2.0,33.0,98.0,0.0,2.0,5.0,3.0,7.0,530500,OF,Brock Holt
247,NL,lasteto01,1.0,ATL,2014,93,319.0,22.0,80.0,16.0,1.0,1.0,31.0,2.0,1.0,36.0,40.0,2.0,1.0,3.0,1.0,8.0,513000,2B,Tommy La Stella
248,AL,murphjr01,1.0,NYA,2014,32,81.0,7.0,23.0,4.0,0.0,1.0,9.0,0.0,0.0,4.0,22.0,0.0,0.0,0.0,0.0,0.0,518700,C,J. R. Murphy
249,NL,taylomi02,1.0,WAS,2014,17,39.0,5.0,8.0,3.0,0.0,1.0,5.0,0.0,2.0,3.0,17.0,0.0,1.0,0.0,0.0,1.0,508700,OF,Michael Taylor
250,AL,flowety01,1.0,CHA,2014,127,407.0,42.0,98.0,16.0,1.0,15.0,50.0,0.0,1.0,25.0,159.0,0.0,8.0,1.0,1.0,10.0,2675000,C,Tyler Flowers
251,AL,jonesad01,1.0,BAL,2014,159,644.0,88.0,181.0,30.0,2.0,29.0,96.0,7.0,1.0,19.0,133.0,1.0,12.0,0.0,7.0,11.0,13333333,OF,Adam Jones
252,NL,spangco01,1.0,SDN,2014,20,62.0,7.0,18.0,2.0,1.0,2.0,9.0,4.0,2.0,2.0,14.0,0.0,0.0,1.0,0.0,1.0,508500,3B,Cory Spangenberg
253,AL,pireljo01,1.0,NYA,2014,7,24.0,6.0,8.0,1.0,2.0,0.0,3.0,0.0,0.0,1.0,4.0,0.0,0.0,0.0,0.0,1.0,510000,2B,Jose Pirela
254,NL,martest01,1.0,PIT,2014,135,495.0,73.0,144.0,29.0,6.0,13.0,56.0,30.0,11.0,33.0,131.0,0.0,17.0,0.0,0.0,5.0,1333333,OF,Starling Marte
255,AL,clevest01,1.0,BAL,2014,35,89.0,8.0,20.0,8.0,1.0,0.0,8.0,0.0,0.0,8.0,19.0,1.0,0.0,0.0,0.0,5.0,514000,C,Steve Clevenger
256,NL,castiwe01,1.0,CHN,2014,110,380.0,28.0,90.0,19.0,0.0,13.0,46.0,0.0,0.0,26.0,102.0,0.0,7.0,2.0,2.0,7.0,2100000,C,Welington Castillo
257,NL,venabwi01,1.0,SDN,2014,146,406.0,47.0,91.0,13.0,2.0,8.0,33.0,11.0,6.0,33.0,107.0,2.0,4.0,3.0,2.0,6.0,4250000,OF,Will Venable
258,NL,owingch01,1.0,ARI,2014,91,310.0,34.0,81.0,15.0,6.0,6.0,26.0,8.0,1.0,16.0,67.0,0.0,2.0,2.0,2.0,4.0,512500,SS,Chris Owings
259,NL,dudalu01,1.0,NYN,2014,153,514.0,74.0,130.0,27.0,0.0,30.0,92.0,3.0,2.0,69.0,135.0,8.0,9.0,0.0,4.0,9.0,4200000,1B,Lucas Duda
260,NL,moorety01,1.0,WAS,2014,42,91.0,8.0,21.0,2.0,0.0,4.0,14.0,0.0,0.0,7.0,29.0,0.0,2.0,0.0,0.0,2.0,518200,1B,Tyler Moore
261,AL,cainlo01,1.0,KCA,2014,133,471.0,55.0,142.0,29.0,4.0,5.0,53.0,28.0,5.0,24.0,108.0,2.0,4.0,0.0,3.0,9.0,2725000,OF,Lorenzo Cain
262,AL,gardnbr01,1.0,NYA,2014,148,555.0,87.0,142.0,25.0,8.0,17.0,58.0,21.0,5.0,56.0,134.0,0.0,6.0,13.0,6.0,3.0,12500000,OF,Brett Gardner
263,AL,sogarer01,1.0,OAK,2014,117,291.0,38.0,65.0,10.0,0.0,1.0,22.0,11.0,4.0,31.0,37.0,0.0,1.0,4.0,2.0,6.0,1075000,2B,Eric Sogard
264,AL,seageky01,1.0,SEA,2014,159,590.0,71.0,158.0,27.0,4.0,25.0,96.0,7.0,5.0,52.0,118.0,3.0,8.0,1.0,3.0,12.0,4500000,3B,Kyle Seager
265,NL,ruppca01,1.0,PHI,2014,18,60.0,4.0,11.0,4.0,0.0,0.0,6.0,0.0,0.0,4.0,20.0,0.0,0.0,0.0,0.0,5.0,508000,C,Cameron Rupp
266,AL,reyesjo01,1.0,TOR,2014,143,610.0,94.0,175.0,33.0,4.0,9.0,51.0,30.0,2.0,38.0,73.0,1.0,1.0,2.0,4.0,4.0,22000000,SS,Jose Reyes
267,NL,blackch02,1.0,COL,2014,154,593.0,82.0,171.0,27.0,3.0,19.0,72.0,28.0,10.0,31.0,96.0,5.0,13.0,6.0,5.0,3.0,517500,OF,Charlie Blackmon
268,NL,gordode01,1.0,LAN,2014,148,609.0,92.0,176.0,24.0,12.0,2.0,34.0,64.0,19.0,31.0,107.0,0.0,4.0,3.0,3.0,3.0,2500000,2B,Dee Gordon
269,NL,ahmedni01,1.0,ARI,2014,25,70.0,9.0,14.0,2.0,0.0,1.0,4.0,0.0,1.0,3.0,10.0,0.0,0.0,2.0,0.0,2.0,508500,SS,Nick Ahmed
270,AL,tholejo01,1.0,TOR,2014,57,133.0,11.0,33.0,4.0,0.0,0.0,7.0,0.0,3.0,14.0,25.0,0.0,0.0,3.0,0.0,4.0,1750000,C,Josh Thole
271,AL,longoev01,1.0,TBA,2014,162,624.0,83.0,158.0,26.0,1.0,22.0,91.0,5.0,0.0,57.0,133.0,11.0,9.0,1.0,9.0,15.0,11000000,3B,Evan Longoria
272,NL,arenano01,1.0,COL,2014,111,432.0,58.0,124.0,34.0,2.0,18.0,61.0,2.0,1.0,25.0,58.0,1.0,4.0,1.0,5.0,13.0,512500,3B,Nolan Arenado
273,AL,sanchca01,1.0,CHA,2014,28,100.0,6.0,25.0,5.0,0.0,0.0,5.0,1.0,1.0,3.0,25.0,0.0,0.0,0.0,1.0,1.0,510000,2B,Carlos Sanchez
274,NL,vottojo01,1.0,CIN,2014,62,220.0,32.0,56.0,16.0,0.0,6.0,23.0,1.0,1.0,47.0,49.0,2.0,3.0,0.0,2.0,5.0,14000000,1B,Joey Votto
275,NL,cabreev01,1.0,SDN,2014,90,357.0,36.0,83.0,13.0,1.0,3.0,20.0,18.0,8.0,20.0,86.0,0.0,1.0,9.0,4.0,5.0,2400000,SS,Everth Cabrera
276,NL,mckenmi01,1.0,COL,2014,57,168.0,23.0,53.0,9.0,0.0,8.0,22.0,0.0,3.0,22.0,42.0,1.0,1.0,1.0,0.0,6.0,1087600,C,Michael McKenry
277,NL,vanslsc01,1.0,LAN,2014,98,212.0,32.0,63.0,13.0,1.0,11.0,29.0,4.0,2.0,28.0,71.0,0.0,4.0,0.0,2.0,3.0,522500,OF,Scott Van Slyke
278,NL,florewi01,1.0,NYN,2014,78,259.0,28.0,65.0,13.0,1.0,6.0,29.0,1.0,0.0,12.0,31.0,2.0,1.0,1.0,1.0,6.0,513543,SS,Wilmer Flores
279,NL,nieuwki01,1.0,NYN,2014,61,112.0,16.0,29.0,14.0,1.0,3.0,16.0,4.0,0.0,16.0,39.0,3.0,0.0,0.0,2.0,1.0,525415,OF,Kirk Nieuwenhuis
280,AL,saundmi01,1.0,SEA,2014,78,231.0,38.0,63.0,11.0,3.0,8.0,34.0,4.0,5.0,26.0,59.0,1.0,0.0,2.0,4.0,2.0,2875000,OF,Michael Saunders
281,NL,crawfbr01,1.0,SFN,2014,153,491.0,54.0,121.0,20.0,10.0,10.0,69.0,5.0,3.0,59.0,129.0,10.0,2.0,2.0,10.0,4.0,3175000,SS,Brandon Crawford
282,NL,alonsyo01,1.0,SDN,2014,84,267.0,27.0,64.0,19.0,1.0,7.0,27.0,6.0,1.0,17.0,36.0,1.0,1.0,0.0,3.0,8.0,1650000,1B,Yonder Alonso
283,NL,bourgja01,1.0,CIN,2014,18,33.0,5.0,8.0,0.0,1.0,0.0,1.0,0.0,0.0,1.0,6.0,0.0,0.0,0.0,0.0,1.0,522500,OF,Jason Bourgeois
284,AL,ryanbr01,1.0,NYA,2014,49,114.0,5.0,19.0,4.0,0.0,0.0,8.0,0.0,2.0,4.0,30.0,0.0,3.0,1.0,2.0,2.0,2000000,SS,Brendan Ryan
285,AL,encared01,1.0,TOR,2014,128,477.0,75.0,128.0,27.0,2.0,34.0,98.0,2.0,0.0,62.0,82.0,6.0,2.0,0.0,1.0,18.0,10000000,1B,Edwin Encarnacion
286,AL,zuninmi01,1.0,SEA,2014,131,438.0,51.0,87.0,20.0,2.0,22.0,60.0,0.0,3.0,17.0,158.0,1.0,17.0,0.0,4.0,12.0,523500,C,Mike Zunino
287,AL,roberda09,1.0,TEX,2014,70,177.0,23.0,48.0,9.0,1.0,0.0,21.0,6.0,4.0,17.0,28.0,0.0,0.0,2.0,1.0,3.0,511250,OF,Dan Robertson
288,AL,napolmi01,1.0,BOS,2014,119,415.0,49.0,103.0,20.0,0.0,17.0,55.0,3.0,2.0,78.0,133.0,3.0,4.0,0.0,3.0,12.0,16000000,1B,Mike Napoli
289,AL,jasojo01,1.0,OAK,2014,99,307.0,42.0,81.0,18.0,3.0,9.0,40.0,2.0,0.0,28.0,60.0,1.0,7.0,0.0,2.0,5.0,3175000,C,John Jaso
290,NL,frazito01,1.0,CIN,2014,157,597.0,88.0,163.0,22.0,1.0,29.0,80.0,20.0,8.0,52.0,139.0,2.0,7.0,0.0,4.0,9.0,4500000,3B,Todd Frazier
291,NL,johnsre02,1.0,MIA,2014,113,187.0,24.0,44.0,15.0,0.0,2.0,25.0,0.0,1.0,1.0,37.0,0.0,8.0,2.0,3.0,4.0,1000000,OF,Reed Johnson
292,AL,mauerjo01,1.0,MIN,2014,120,455.0,60.0,126.0,27.0,2.0,4.0,55.0,3.0,0.0,60.0,96.0,12.0,1.0,0.0,2.0,12.0,23000000,1B,Joe Mauer
293,AL,reddijo01,1.0,OAK,2014,109,363.0,53.0,96.0,16.0,7.0,12.0,54.0,1.0,1.0,28.0,63.0,0.0,1.0,0.0,3.0,3.0,4100000,OF,Josh Reddick
294,NL,amarial01,1.0,SDN,2014,148,423.0,39.0,101.0,13.0,2.0,5.0,40.0,12.0,1.0,29.0,69.0,5.0,1.0,8.0,5.0,6.0,1150000,SS,Alexi Amarista
295,AL,aokino01,1.0,KCA,2014,132,491.0,63.0,140.0,22.0,6.0,1.0,43.0,17.0,8.0,43.0,49.0,0.0,6.0,8.0,1.0,5.0,4000000,OF,Nori Aoki
296,NL,lairdge01,1.0,ATL,2014,53,152.0,12.0,31.0,8.0,0.0,0.0,10.0,0.0,0.0,14.0,33.0,2.0,1.0,0.0,0.0,6.0,1000000,C,Gerald Laird
297,NL,guerral01,1.0,LAN,2014,11,13.0,0.0,1.0,0.0,0.0,0.0,0.0,0.0,0.0,0.0,6.0,0.0,0.0,0.0,0.0,0.0,6500000,OF,Alex Guerrero
298,NL,ramirha01,1.0,LAN,2014,128,449.0,64.0,127.0,35.0,0.0,13.0,71.0,14.0,5.0,56.0,84.0,2.0,6.0,0.0,1.0,10.0,19750000,SS,Hanley Ramirez
299,AL,phegljo01,1.0,CHA,2014,11,37.0,4.0,8.0,2.0,0.0,3.0,7.0,0.0,0.0,0.0,11.0,0.0,0.0,0.0,1.0,0.0,510000,C,Josh Phegley
300,NL,cruzto03,1.0,SLN,2014,50,135.0,11.0,27.0,5.0,0.0,1.0,17.0,0.0,3.0,13.0,28.0,1.0,0.0,2.0,0.0,6.0,775000,C,Tony Cruz
301,NL,leonsa01,1.0,WAS,2014,20,64.0,7.0,10.0,1.0,0.0,1.0,3.0,0.0,0.0,6.0,20.0,0.0,0.0,0.0,0.0,1.0,510400,C,Sandy Leon
302,NL,puigya01,1.0,LAN,2014,148,558.0,92.0,165.0,37.0,9.0,16.0,69.0,11.0,7.0,67.0,124.0,3.0,12.0,2.0,1.0,7.0,6214000,OF,Yasiel Puig
303,AL,rominau01,1.0,NYA,2014,7,13.0,2.0,3.0,1.0,0.0,0.0,1.0,0.0,0.0,0.0,4.0,0.0,0.0,0.0,0.0,0.0,554100,C,Austin Romine
304,AL,aybarer01,1.0,LAA,2014,156,589.0,77.0,164.0,30.0,4.0,7.0,68.0,16.0,9.0,36.0,62.0,4.0,5.0,3.0,8.0,10.0,8500000,SS,Erick Aybar
305,AL,floripe01,1.0,MIN,2014,33,76.0,7.0,7.0,1.0,1.0,0.0,1.0,6.0,0.0,8.0,22.0,0.0,0.0,2.0,0.0,2.0,521000,SS,Pedro Florimon
306,AL,kipnija01,1.0,CLE,2014,129,500.0,61.0,120.0,25.0,1.0,6.0,41.0,22.0,3.0,50.0,100.0,2.0,2.0,1.0,2.0,15.0,4166666,2B,Jason Kipnis
307,AL,smoakju01,1.0,SEA,2014,80,248.0,28.0,50.0,13.0,0.0,7.0,30.0,0.0,1.0,24.0,66.0,0.0,2.0,0.0,2.0,8.0,1000000,1B,Justin Smoak
308,NL,ruggiju01,1.0,CHN,2014,81,224.0,29.0,63.0,13.0,1.0,6.0,28.0,2.0,4.0,18.0,70.0,0.0,3.0,1.0,4.0,2.0,2505000,OF,Justin Ruggiano
309,AL,escobed01,1.0,MIN,2014,133,433.0,52.0,119.0,35.0,2.0,6.0,37.0,1.0,1.0,24.0,93.0,1.0,2.0,4.0,2.0,6.0,532500,SS,Eduardo Escobar
310,NL,carpema01,1.0,SLN,2014,158,595.0,99.0,162.0,33.0,2.0,8.0,59.0,5.0,3.0,95.0,111.0,2.0,8.0,2.0,9.0,3.0,3750000,3B,Matt Carpenter
311,NL,szczuma01,1.0,CHN,2014,33,62.0,6.0,14.0,2.0,0.0,2.0,5.0,0.0,0.0,4.0,11.0,0.0,0.0,0.0,0.0,1.0,508500,OF,Matt Szczur
312,AL,semiema01,1.0,CHA,2014,64,231.0,30.0,54.0,10.0,2.0,6.0,28.0,3.0,0.0,21.0,70.0,0.0,1.0,2.0,0.0,6.0,510000,3B,Marcus Semien
313,NL,gyorkje01,1.0,SDN,2014,111,400.0,37.0,84.0,17.0,1.0,10.0,51.0,3.0,2.0,36.0,100.0,1.0,4.0,0.0,3.0,8.0,2000000,2B,Jedd Gyorko
314,NL,solerjo01,1.0,CHN,2014,24,89.0,11.0,26.0,8.0,1.0,5.0,20.0,1.0,0.0,6.0,24.0,0.0,0.0,0.0,2.0,3.0,2666667,OF,Jorge Soler
315,NL,heywaja01,1.0,ATL,2014,149,573.0,74.0,155.0,26.0,3.0,11.0,58.0,20.0,4.0,67.0,98.0,3.0,6.0,0.0,3.0,2.0,7800000,OF,Jason Heyward
316,AL,ruary01,1.0,TEX,2014,28,105.0,11.0,31.0,7.0,0.0,2.0,14.0,1.0,0.0,2.0,18.0,0.0,2.0,0.0,0.0,6.0,508500,OF,Ryan Rua
317,AL,abreujo02,1.0,CHA,2014,145,556.0,80.0,176.0,35.0,2.0,36.0,107.0,3.0,1.0,51.0,131.0,15.0,11.0,0.0,4.0,14.0,8666000,1B,Jose Abreu
318,NL,hechaad01,1.0,MIA,2014,146,536.0,53.0,148.0,20.0,10.0,1.0,34.0,7.0,5.0,26.0,86.0,5.0,1.0,4.0,6.0,21.0,1925000,SS,Adeiny Hechavarria
319,AL,arciaos01,1.0,MIN,2014,103,372.0,46.0,86.0,16.0,3.0,20.0,57.0,1.0,2.0,31.0,127.0,4.0,6.0,0.0,1.0,6.0,532500,OF,Oswaldo Arcia
320,NL,espinda01,1.0,WAS,2014,114,333.0,31.0,73.0,14.0,3.0,8.0,27.0,8.0,1.0,18.0,122.0,5.0,12.0,0.0,1.0,5.0,1800000,2B,Danny Espinosa
321,NL,pencehu01,1.0,SFN,2014,162,650.0,106.0,180.0,29.0,10.0,20.0,74.0,13.0,6.0,52.0,130.0,3.0,3.0,0.0,3.0,13.0,18500000,OF,Hunter Pence
322,NL,bakerje03,1.0,MIA,2014,90,208.0,27.0,55.0,10.0,4.0,3.0,28.0,1.0,0.0,13.0,51.0,1.0,1.0,0.0,3.0,8.0,2100000,1B,Jeff Baker
323,NL,cuddymi01,1.0,COL,2014,49,190.0,32.0,63.0,15.0,1.0,10.0,31.0,3.0,0.0,14.0,30.0,0.0,0.0,0.0,1.0,5.0,8500000,RF,Michael Cuddyer
324,AL,bloomwi01,1.0,SEA,2014,47,133.0,15.0,37.0,6.0,0.0,1.0,14.0,1.0,1.0,4.0,32.0,1.0,0.0,1.0,1.0,1.0,3000000,SS,Willie Bloomquist
325,NL,mesorde01,1.0,CIN,2014,114,384.0,54.0,105.0,25.0,0.0,25.0,80.0,1.0,3.0,41.0,103.0,4.0,12.0,0.0,3.0,5.0,2525000,C,Devin Mesoraco
326,NL,younger03,1.0,NYN,2014,100,280.0,48.0,64.0,10.0,5.0,1.0,17.0,30.0,6.0,24.0,60.0,1.0,5.0,5.0,2.0,2.0,1000000,OF,Eric Young
327,NL,rolliji01,1.0,PHI,2014,138,538.0,78.0,131.0,22.0,4.0,17.0,55.0,28.0,6.0,64.0,100.0,2.0,1.0,3.0,3.0,6.0,11000000,SS,Jimmy Rollins
328,NL,walkene01,1.0,PIT,2014,137,512.0,74.0,139.0,25.0,3.0,23.0,76.0,2.0,2.0,45.0,88.0,2.0,11.0,1.0,2.0,12.0,8000000,2B,Neil Walker
329,NL,descada01,1.0,SLN,2014,104,161.0,20.0,39.0,11.0,0.0,0.0,10.0,1.0,3.0,20.0,33.0,0.0,2.0,1.0,0.0,2.0,1500000,2B,Daniel Descalso
330,NL,crawfca02,1.0,LAN,2014,105,343.0,56.0,103.0,14.0,3.0,8.0,46.0,23.0,6.0,16.0,55.0,0.0,6.0,0.0,4.0,5.0,21357000,OF,Carl Crawford
331,NL,werthja01,1.0,WAS,2014,147,534.0,85.0,156.0,37.0,1.0,16.0,82.0,9.0,1.0,83.0,113.0,3.0,9.0,0.0,3.0,9.0,21000000,OF,Jayson Werth
332,NL,polloaj01,1.0,ARI,2014,75,265.0,41.0,80.0,19.0,6.0,7.0,24.0,14.0,3.0,19.0,46.0,0.0,2.0,1.0,0.0,4.0,519500,OF,A. J. Pollock
333,NL,dendema01,1.0,NYN,2014,53,152.0,23.0,38.0,11.0,0.0,0.0,7.0,7.0,4.0,21.0,34.0,0.0,1.0,0.0,0.0,1.0,512972,OF,Matt den Dekker
334,NL,harrijo05,1.0,PIT,2014,143,520.0,77.0,164.0,38.0,7.0,13.0,52.0,18.0,7.0,22.0,81.0,1.0,4.0,2.0,2.0,6.0,3050000,3B,Josh Harrison
335,NL,grichra01,1.0,SLN,2014,47,110.0,11.0,27.0,6.0,1.0,3.0,8.0,0.0,2.0,5.0,31.0,0.0,0.0,1.0,0.0,4.0,510000,OF,Randal Grichuk
336,NL,castrst01,1.0,CHN,2014,134,528.0,58.0,154.0,33.0,1.0,14.0,65.0,4.0,4.0,35.0,100.0,4.0,4.0,0.0,2.0,18.0,6857143,SS,Starlin Castro
337,NL,ellisaj01,1.0,LAN,2014,93,283.0,21.0,54.0,9.0,0.0,3.0,25.0,0.0,0.0,53.0,57.0,5.0,4.0,3.0,4.0,15.0,4250000,C,A. J. Ellis
338,NL,mercejo03,1.0,PIT,2014,149,506.0,56.0,129.0,27.0,2.0,12.0,55.0,4.0,1.0,35.0,89.0,12.0,4.0,5.0,5.0,14.0,538000,SS,Jordy Mercer
339,AL,gentrcr01,1.0,OAK,2014,94,232.0,38.0,59.0,6.0,1.0,0.0,12.0,20.0,2.0,17.0,44.0,2.0,5.0,2.0,0.0,2.0,1600000,OF,Craig Gentry
340,AL,fieldpr01,1.0,TEX,2014,42,150.0,19.0,37.0,8.0,0.0,3.0,16.0,0.0,0.0,25.0,24.0,11.0,2.0,0.0,1.0,5.0,24000000,1B,Prince Fielder
341,NL,blancgr01,1.0,SFN,2014,146,393.0,51.0,102.0,18.0,6.0,5.0,38.0,16.0,5.0,41.0,77.0,1.0,3.0,6.0,1.0,4.0,3600000,OF,Gregor Blanco
342,AL,loneyja01,1.0,TBA,2014,155,600.0,59.0,174.0,27.0,0.0,9.0,69.0,4.0,0.0,41.0,80.0,2.0,4.0,0.0,6.0,21.0,8666666,1B,James Loney
343,AL,doziebr01,1.0,MIN,2014,156,598.0,112.0,145.0,33.0,1.0,23.0,71.0,21.0,7.0,89.0,129.0,1.0,9.0,3.0,8.0,8.0,2000000,2B,Brian Dozier
344,NL,peraljh01,1.0,SLN,2014,157,560.0,61.0,147.0,38.0,0.0,21.0,75.0,3.0,2.0,58.0,112.0,2.0,6.0,0.0,4.0,19.0,15000000,SS,Jhonny Peralta
345,NL,deckeja01,1.0,PIT,2014,5,5.0,0.0,0.0,0.0,0.0,0.0,0.0,0.0,0.0,0.0,3.0,0.0,0.0,0.0,0.0,0.0,510000,OF,Jaff Decker
346,NL,hillaa01,1.0,ARI,2014,133,501.0,52.0,122.0,26.0,3.0,10.0,60.0,4.0,3.0,28.0,92.0,0.0,5.0,0.0,7.0,16.0,12000000,2B,Aaron Hill
347,AL,murphda07,1.0,CLE,2014,129,416.0,40.0,109.0,25.0,1.0,8.0,58.0,2.0,3.0,36.0,61.0,2.0,2.0,1.0,7.0,6.0,6000000,OF,David Murphy
348,AL,goinsry01,1.0,TOR,2014,67,181.0,14.0,34.0,6.0,3.0,1.0,15.0,0.0,1.0,5.0,42.0,0.0,0.0,6.0,1.0,4.0,512800,2B,Ryan Goins
349,AL,cabremi01,1.0,DET,2014,159,611.0,101.0,191.0,52.0,1.0,25.0,109.0,1.0,1.0,60.0,117.0,10.0,3.0,0.0,11.0,21.0,22000000,1B,Miguel Cabrera
350,AL,rominan01,1.0,DET,2014,94,251.0,30.0,57.0,6.0,0.0,2.0,12.0,12.0,2.0,18.0,60.0,0.0,0.0,4.0,0.0,5.0,520000,SS,Andrew Romine
351,NL,turneju01,1.0,LAN,2014,109,288.0,46.0,98.0,21.0,1.0,7.0,43.0,6.0,1.0,28.0,58.0,1.0,4.0,0.0,2.0,6.0,2500000,3B,Justin Turner
352,AL,hunteto01,1.0,DET,2014,142,549.0,71.0,157.0,33.0,2.0,17.0,83.0,4.0,3.0,23.0,89.0,0.0,7.0,0.0,7.0,18.0,10500000,OF,Torii Hunter
353,AL,guyerbr01,1.0,TBA,2014,97,259.0,37.0,69.0,15.0,1.0,3.0,26.0,6.0,1.0,16.0,52.0,0.0,11.0,7.0,1.0,3.0,515800,OF,Brandon Guyer
354,AL,andruel01,1.0,TEX,2014,157,619.0,72.0,163.0,35.0,1.0,2.0,41.0,27.0,15.0,46.0,96.0,0.0,3.0,9.0,7.0,21.0,15000000,SS,Elvis Andrus
355,NL,zimmery01,1.0,WAS,2014,61,214.0,26.0,60.0,19.0,1.0,5.0,38.0,0.0,0.0,22.0,37.0,0.0,0.0,0.0,4.0,6.0,14000000,OF,Ryan Zimmerman
356,NL,stewach01,1.0,PIT,2014,49,136.0,9.0,40.0,5.0,0.0,0.0,10.0,0.0,1.0,12.0,27.0,2.0,3.0,2.0,1.0,2.0,1225000,C,Chris Stewart
357,AL,butlebi03,1.0,KCA,2014,151,549.0,57.0,149.0,32.0,0.0,9.0,66.0,0.0,0.0,41.0,96.0,3.0,5.0,0.0,8.0,21.0,6666000,1B,Billy Butler
358,AL,kellydo01,1.0,DET,2014,95,163.0,24.0,40.0,5.0,1.0,0.0,7.0,6.0,1.0,20.0,29.0,1.0,1.0,1.0,0.0,6.0,1250000,3B,Don Kelly
359,AL,moustmi01,1.0,KCA,2014,140,457.0,45.0,97.0,21.0,1.0,15.0,54.0,1.0,0.0,35.0,74.0,1.0,3.0,1.0,4.0,12.0,2640000,3B,Mike Moustakas
360,AL,cowgico01,1.0,LAA,2014,106,260.0,37.0,65.0,10.0,1.0,5.0,21.0,4.0,0.0,26.0,74.0,0.0,5.0,2.0,0.0,4.0,995000,OF,Collin Cowgill
361,AL,perezhe01,1.0,DET,2014,8,5.0,1.0,1.0,0.0,0.0,0.0,0.0,0.0,0.0,1.0,1.0,0.0,0.0,0.0,0.0,0.0,508500,2B,Hernan Perez
362,AL,zobribe01,1.0,TBA,2014,146,570.0,83.0,155.0,34.0,3.0,10.0,52.0,10.0,5.0,75.0,84.0,4.0,1.0,2.0,6.0,8.0,7500000,2B,Ben Zobrist
363,NL,gosseph01,1.0,ATL,2014,46,128.0,17.0,34.0,4.0,0.0,1.0,3.0,2.0,2.0,5.0,27.0,0.0,2.0,1.0,0.0,1.0,507500,2B,Philip Gosselin
364,NL,peterja01,1.0,SDN,2014,27,53.0,3.0,6.0,0.0,0.0,0.0,0.0,2.0,0.0,2.0,18.0,1.0,1.0,2.0,0.0,1.0,507500,2B,Jace Peterson
365,AL,springe01,1.0,HOU,2014,78,295.0,45.0,68.0,8.0,1.0,20.0,51.0,5.0,2.0,39.0,114.0,4.0,9.0,0.0,2.0,4.0,512900,OF,George Springer
366,AL,rosalad01,1.0,TEX,2014,56,164.0,20.0,43.0,7.0,0.0,4.0,19.0,4.0,2.0,13.0,42.0,0.0,3.0,0.0,0.0,5.0,900000,1B,Adam Rosales
367,AL,myerswi01,1.0,TBA,2014,87,325.0,37.0,72.0,14.0,0.0,6.0,35.0,6.0,1.0,34.0,90.0,3.0,0.0,0.0,2.0,10.0,519800,RF,Wil Myers
368,NL,lagarju01,1.0,NYN,2014,116,416.0,46.0,117.0,24.0,3.0,4.0,47.0,13.0,4.0,20.0,87.0,1.0,7.0,3.0,6.0,6.0,528696,OF,Juan Lagares
369,AL,santada01,1.0,MIN,2014,101,405.0,70.0,129.0,27.0,7.0,7.0,40.0,20.0,4.0,19.0,98.0,0.0,3.0,2.0,1.0,3.0,530000,OF,Danny Santana
370,NL,lucrojo01,1.0,MIL,2014,153,585.0,73.0,176.0,53.0,2.0,13.0,69.0,4.0,4.0,66.0,71.0,3.0,2.0,0.0,2.0,13.0,3000000,C,Jonathan Lucroy
371,AL,chiselo01,1.0,CLE,2014,142,478.0,62.0,134.0,29.0,1.0,13.0,59.0,3.0,1.0,39.0,99.0,3.0,8.0,4.0,3.0,8.0,2250000,3B,Lonnie Chisenhall
372,AL,escobal02,1.0,KCA,2014,162,579.0,74.0,165.0,34.0,5.0,3.0,50.0,31.0,6.0,23.0,83.0,1.0,6.0,8.0,4.0,12.0,3000000,SS,Alcides Escobar
373,NL,snidetr01,1.0,PIT,2014,140,322.0,37.0,85.0,15.0,1.0,13.0,38.0,1.0,1.0,34.0,67.0,2.0,2.0,1.0,0.0,10.0,2100000,OF,Travis Snider
374,NL,wilsobo02,1.0,ARI,2014,2,4.0,0.0,1.0,0.0,0.0,0.0,0.0,0.0,0.0,0.0,0.0,0.0,0.0,0.0,0.0,0.0,700000,C,Bobby Wilson
375,AL,cruzne02,1.0,BAL,2014,159,613.0,87.0,166.0,32.0,2.0,40.0,108.0,4.0,5.0,55.0,140.0,8.0,5.0,0.0,5.0,17.0,14250000,OF,Nelson Cruz
376,AL,kinslia01,1.0,DET,2014,161,684.0,100.0,188.0,40.0,4.0,17.0,92.0,15.0,4.0,29.0,79.0,1.0,5.0,3.0,5.0,20.0,16000000,2B,Ian Kinsler
377,AL,pearcst01,1.0,BAL,2014,102,338.0,51.0,99.0,26.0,0.0,21.0,49.0,5.0,0.0,40.0,76.0,1.0,4.0,0.0,1.0,4.0,3700000,1B,Steve Pearce
378,NL,riverre01,1.0,SDN,2014,103,294.0,27.0,74.0,18.0,1.0,11.0,44.0,0.0,0.0,27.0,76.0,3.0,3.0,3.0,2.0,6.0,1200000,C,Rene Rivera
379,NL,maybica01,1.0,SDN,2014,95,251.0,24.0,59.0,13.0,4.0,1.0,15.0,4.0,3.0,19.0,56.0,2.0,1.0,0.0,1.0,8.0,7000000,OF,Cameron Maybin
380,AL,ramirjo01,1.0,CLE,2014,68,237.0,27.0,62.0,10.0,2.0,2.0,17.0,10.0,1.0,13.0,35.0,0.0,1.0,13.0,2.0,3.0,511300,SS,Jose Ramirez
381,AL,lowrije01,1.0,OAK,2014,136,502.0,59.0,125.0,29.0,3.0,6.0,50.0,0.0,0.0,51.0,79.0,5.0,5.0,2.0,6.0,14.0,8000000,SS,Jed Lowrie
382,AL,rasmuco01,1.0,TOR,2014,104,346.0,45.0,78.0,21.0,1.0,18.0,40.0,4.0,0.0,29.0,124.0,2.0,1.0,0.0,0.0,1.0,8000000,OF,Colby Rasmus
383,NL,trumbma01,1.0,ARI,2014,88,328.0,37.0,77.0,15.0,1.0,14.0,61.0,2.0,3.0,28.0,89.0,3.0,1.0,0.0,5.0,8.0,6900000,1B,Mark Trumbo
384,NL,schumsk01,1.0,CIN,2014,83,247.0,22.0,58.0,12.0,0.0,2.0,22.0,2.0,1.0,18.0,50.0,0.0,1.0,3.0,2.0,3.0,2500000,OF,Skip Schumaker
385,AL,kiermke01,1.0,TBA,2014,108,331.0,35.0,87.0,16.0,8.0,10.0,35.0,5.0,4.0,23.0,71.0,2.0,3.0,5.0,2.0,3.0,513800,OF,Kevin Kiermaier
386,AL,pujolal01,1.0,LAA,2014,159,633.0,89.0,172.0,37.0,1.0,28.0,105.0,5.0,1.0,48.0,71.0,11.0,5.0,0.0,9.0,28.0,24000000,1B,Albert Pujols
387,NL,solando01,1.0,MIA,2014,111,310.0,26.0,78.0,11.0,1.0,3.0,28.0,1.0,2.0,19.0,61.0,0.0,3.0,7.0,1.0,5.0,531500,2B,Donovan Solano
388,AL,herrejo03,1.0,BOS,2014,42,90.0,10.0,21.0,1.0,2.0,0.0,9.0,1.0,3.0,7.0,24.0,0.0,3.0,3.0,1.0,3.0,900000,SS,Jonathan Herrera
389,NL,gennesc01,1.0,MIL,2014,137,440.0,55.0,127.0,31.0,3.0,9.0,54.0,6.0,3.0,22.0,67.0,5.0,0.0,8.0,4.0,11.0,516500,2B,Scooter Gennett
390,AL,vogtst01,1.0,OAK,2014,84,269.0,26.0,75.0,10.0,2.0,9.0,35.0,1.0,0.0,16.0,39.0,2.0,1.0,0.0,1.0,2.0,512500,1B,Stephen Vogt
391,NL,yelicch01,1.0,MIA,2014,144,582.0,94.0,165.0,30.0,6.0,9.0,54.0,21.0,7.0,70.0,137.0,3.0,3.0,3.0,2.0,9.0,570000,OF,Christian Yelich
392,NL,murphda08,1.0,NYN,2014,143,596.0,79.0,172.0,37.0,2.0,9.0,57.0,13.0,5.0,39.0,86.0,3.0,2.0,0.0,5.0,15.0,8000000,2B,Daniel Murphy
393,NL,montemi01,1.0,ARI,2014,136,489.0,40.0,119.0,23.0,0.0,13.0,72.0,0.0,4.0,56.0,97.0,11.0,9.0,0.0,6.0,12.0,12000000,C,Miguel Montero
394,AL,infanom01,1.0,KCA,2014,135,528.0,50.0,133.0,21.0,3.0,6.0,66.0,9.0,3.0,33.0,68.0,3.0,2.0,5.0,7.0,7.0,7500000,2B,Omar Infante
395,NL,grandcu01,1.0,NYN,2014,155,564.0,73.0,128.0,27.0,2.0,20.0,66.0,8.0,2.0,79.0,141.0,1.0,6.0,0.0,5.0,1.0,16000000,OF,Curtis Granderson
396,AL,bautijo02,1.0,TOR,2014,155,553.0,101.0,158.0,27.0,0.0,35.0,103.0,6.0,2.0,104.0,96.0,11.0,9.0,1.0,6.0,18.0,14000000,OF,Jose Bautista
397,AL,avilaal01,1.0,DET,2014,124,390.0,44.0,85.0,22.0,0.0,11.0,47.0,0.0,3.0,61.0,151.0,1.0,3.0,1.0,2.0,6.0,5400000,C,Alex Avila
398,AL,cervefr01,1.0,NYA,2014,49,146.0,18.0,44.0,11.0,1.0,2.0,13.0,1.0,0.0,11.0,41.0,0.0,5.0,0.0,0.0,5.0,987500,C,Francisco Cervelli
399,AL,lindad01,1.0,TOR,2014,96,290.0,38.0,93.0,24.0,2.0,6.0,40.0,0.0,0.0,28.0,48.0,3.0,0.0,0.0,0.0,8.0,7500000,1B,Adam Lind
400,AL,ramiral03,1.0,CHA,2014,158,622.0,82.0,170.0,35.0,2.0,15.0,74.0,21.0,4.0,24.0,81.0,0.0,6.0,1.0,4.0,21.0,10000000,SS,Alexei Ramirez
401,NL,maldoma01,1.0,MIL,2014,52,111.0,14.0,26.0,5.0,0.0,4.0,16.0,0.0,0.0,11.0,32.0,1.0,3.0,1.0,0.0,4.0,825000,C,Martin Maldonado
402,AL,forsylo01,1.0,TBA,2014,110,301.0,32.0,67.0,12.0,1.0,6.0,26.0,2.0,0.0,25.0,71.0,0.0,4.0,2.0,4.0,9.0,1100000,2B,Logan Forsythe
403,NL,gomezca01,1.0,MIL,2014,148,574.0,95.0,163.0,34.0,4.0,23.0,73.0,34.0,12.0,47.0,141.0,0.0,19.0,1.0,3.0,10.0,8000000,OF,Carlos Gomez
404,AL,ackledu01,1.0,SEA,2014,143,502.0,64.0,123.0,27.0,4.0,14.0,65.0,8.0,4.0,32.0,90.0,1.0,3.0,3.0,2.0,10.0,2600000,OF,Dustin Ackley
405,AL,millebr02,1.0,SEA,2014,123,367.0,47.0,81.0,15.0,4.0,10.0,36.0,4.0,2.0,34.0,95.0,2.0,2.0,3.0,3.0,2.0,527600,SS,Brad Miller
406,NL,pederjo01,1.0,LAN,2014,18,28.0,1.0,4.0,0.0,0.0,0.0,0.0,0.0,0.0,9.0,11.0,0.0,0.0,1.0,0.0,1.0,510000,OF,Joc Pederson
407,AL,gonzama01,1.0,HOU,2014,103,285.0,33.0,79.0,15.0,1.0,6.0,23.0,2.0,4.0,17.0,58.0,0.0,4.0,4.0,0.0,6.0,1062500,SS,Marwin Gonzalez
408,NL,grandya01,1.0,SDN,2014,128,377.0,47.0,85.0,19.0,1.0,15.0,49.0,3.0,0.0,58.0,115.0,1.0,2.0,0.0,6.0,7.0,693000,C,Yasmani Grandal
